150
1 57 72
2 50 97
3 65 28
4 57 50
5 32 84
6 45 75
7 96 67
8 89 82
9 24 28
10 37 95
11 66 95
12 83 23
13 12 33
14 55 11
15 1 53
16 64 9
17 76 65
18 58 92
19 93 14
20 41 24
21 49 37
22 51 44
23 56 91
24 77 79
25 18 13
26 73 36
27 60 8
28 10 71
29 40 65
30 34 40
31 69 49
32 100 97
33 14 57
34 88 6
35 22 29
36 81 70
37 17 31
38 66 72
39 22 42
40 51 91
41 7 75
42 26 18
43 82 88
44 88 21
45 4 21
46 12 72
47 70 64
48 20 35
49 72 8
50 40 94
51 88 20
52 15 4
53 3 32
54 76 24
55 74 78
56 66 32
57 52 92
58 49 86
59 31 36
60 58 34
61 9 70
62 57 30
63 85 77
64 64 56
65 84 55
66 1 71
67 26 68
68 74 28
69 99 1
70 3 72
71 78 69
72 55 82
73 12 3
74 67 42
75 91 24
76 75 51
77 45 31
78 32 29
79 7 47
80 37 42
81 1 37
82 64 78
83 4 38
84 6 3
85 90 60
86 26 20
87 28 33
88 1 91
89 87 67
90 32 77
91 90 58
92 79 35
93 41 10
94 15 99
95 8 51
96 41 8
97 40 4
98 38 95
99 93 95
100 49 83
101 54 27
102 54 34
103 59 54
104 24 45
105 20 8
106 74 61
107 65 4
108 47 5
109 14 62
110 4 73
111 64 44
112 81 55
113 99 70
114 50 92
115 64 98
116 26 17
117 24 79
118 2 82
119 84 26
120 79 3
121 33 4
122 15 49
123 7 62
124 54 72
125 75 57
126 45 38
127 52 77
128 93 2
129 46 94
130 93 9
131 91 70
132 77 15
133 100 79
134 48 83
135 56 78
136 37 88
137 81 52
138 36 88
139 13 41
140 11 39
141 49 55
142 76 100
143 31 20
144 2 76
145 13 46
146 36 56
147 68 13
148 22 67
149 43 21
150 50 98
