150
1 6638 3394
2 6956 6728
3 3590 6491
4 6852 5838
5 3681 6345
6 4319 3517
7 3168 1193
8 1693 1409
9 6716 4335
10 3347 4314
11 3811 1245
12 1153 4402
13 2136 6770
14 6026 1181
15 4577 2623
16 5764 2420
17 3223 3926
18 2147 5813
19 3416 6205
20 4651 4304
21 3755 6176
22 5027 5923
23 4576 5720
24 4538 2497
25 1261 6886
26 5811 4072
27 1130 5965
28 5681 6473
29 5734 4706
30 4860 1516
31 4535 1830
32 2936 6758
33 4756 2290
34 5571 1171
35 5701 1427
36 2681 2456
37 4809 6708
38 1378 2384
39 5428 3123
40 3881 3895
41 3008 6899
42 5173 1344
43 5863 3853
44 5024 2802
45 1558 2883
46 1524 5093
47 3713 3460
48 4851 5675
49 2956 1627
50 4053 1657
51 6261 5734
52 3113 4069
53 5442 1697
54 3660 2075
55 3820 6541
56 4970 4034
57 6439 3142
58 2585 3507
59 5996 6609
60 3515 6554
61 2491 4039
62 2853 3411
63 6500 4910
64 6292 2455
65 5537 3344
66 3112 3003
67 6285 3431
68 6072 4726
69 4129 2731
70 4007 5155
71 6479 1976
72 2189 5917
73 2324 3774
74 6631 5526
75 3382 3145
76 3286 3079
77 6185 5139
78 3696 3890
79 3048 1194
80 3551 5791
81 3538 3870
82 1793 1028
83 6301 6865
84 2960 1635
85 6803 5967
86 5791 6281
87 5149 5186
88 3403 6474
89 1959 3033
90 4999 2547
91 5179 1284
92 2832 2569
93 3629 3735
94 5459 5677
95 3929 6216
96 4467 4673
97 3085 5260
98 4702 6593
99 3331 6662
100 1227 3133
101 3835 4224
102 6620 1983
103 2409 3022
104 5663 1574
105 3262 1868
106 1327 1440
107 6359 3160
108 1215 2988
109 4101 5674
110 5871 1029
111 3095 1544
112 4702 5181
113 5804 6610
114 4773 6341
115 4478 3206
116 6680 1312
117 6431 6299
118 6502 1839
119 6528 3371
120 6621 2789
121 4239 6948
122 1435 1803
123 3107 1650
124 3791 4414
125 4530 2662
126 4443 6625
127 1412 6352
128 4805 6216
129 5961 6784
130 3763 3438
131 2990 3442
132 1956 6627
133 6948 5665
134 5672 6475
135 2035 5292
136 6470 3480
137 5240 6905
138 4283 5553
139 5761 1074
140 2967 3290
141 6943 4616
142 2914 1354
143 3967 4926
144 4776 2928
145 2915 5745
146 3572 3111
147 6394 2735
148 2737 6341
149 1399 1409
150 4021 6641
